# data for recall. please note that sections with -1.00 are removed from the results
recall <- c(1.00, 1.00, 1.00, 1.00, 1.00, 1.00, 0.82, 0.67, 1.00, 1.00, 0.50, 1.00, 1.00, 0.67, 1.00, 0.67, 1.00, 1.00, 1.00, 1.00, 0.80, 1.00, 1.00, 1.00, 1.00, 1.00, 1.00, 1.00, 1.00, 1.00, 1.00, 1.00, 0.67, 1.00, 1.00, 1.00, 1.00, 1.00, 0.25, 1.00, 0.67, 1.00, 0.67, 1.00, 1.00, 0.82, 1.00, 1.00, 1.00, 0.80, 1.00, 1.00, 1.00, 1.00, 1.00, 1.00, 1.00, 1.00, 1.00, 0.89, 1.00, 1.00, 1.00, 0.50, 1.00, 1.00, 1.00, 1.00, 1.00, 1.00, 1.00, 0.50, 1.00, 1.00, 1.00, 1.00, 0.90, 1.00, 1.00, 1.00, 1.00, 1.00, 1.00, 1.00, 1.00, 0.67, 1.00, 1.00, 0.94, 1.00, 0.82, 0.92, 1.00, 1.00, 1.00, 0.89, 1.00, 1.00, 0.80, 1.00, 1.00, 1.00, 0.91, 0.78, 1.00, 0.86, 1.00, 1.00, 1.00, 1.00, 1.00, 1.00, 1.00, 1.00, 1.00, 1.00, 0.20, 1.00, 0.67, 1.00, 1.00, 1.00, 1.00, 1.00, 1.00, 1.00, 0.67, 1.00, 1.00, 1.00, 1.00, 1.00, 1.00, 1.00, 1.00, 1.00, 1.00, 1.00, 1.00, 1.00, 1.00, 1.00, 1.00, 1.00, 1.00, 1.00, 1.00, 0.80, 1.00, 1.00, 1.00, 1.00, 1.00, 1.00, 1.00, 1.00, 1.00, 1.00, 1.00, 1.00, 1.00, 0.78, 1.00, 1.00, 1.00, 1.00, 1.00, 1.00, 1.00, 1.00, 0.50, 0.33, 1.00, 1.00, 0.83, 0.89, 0.83, 1.00, 1.00, 1.00, 1.00, 0.90, 1.00, 1.00, 1.00, 1.00, 1.00, 1.00, 1.00, 1.00, 1.00, 1.00, 0.90, 0.84, 0.67, 1.00, 1.00, 1.00, 1.00, 1.00, 1.00, 1.00, 1.00)

# data for precision. please note that sections with -1.00 are removed from the results 
precision <- c(1.00, 1.00, 0.89, 0.33, 0.91, 0.50, 1.00, 0.50, 1.00, 1.00, 0.25, 1.00, 1.00, 1.00, 1.00, 1.00, 1.00, 1.00, 1.00, 1.00, 0.80, 1.00, 0.60, 1.00, 1.00, 0.75, 1.00, 1.00, 1.00, 1.00, 1.00, 1.00, 0.67, 1.00, 1.00, 1.00, 1.00, 1.00, 0.50, 1.00, 1.00, 1.00, 0.50, 1.00, 0.40, 0.82, 0.14, 0.88, 0.75, 1.00, 1.00, 1.00, 0.75, 1.00, 1.00, 1.00, 0.67, 1.00, 1.00, 0.73, 1.00, 0.33, 1.00, 0.67, 1.00, 1.00, 1.00, 0.67, 1.00, 1.00, 1.00, 1.00, 1.00, 1.00, 1.00, 1.00, 0.75, 0.41, 0.83, 0.50, 1.00, 0.83, 1.00, 0.86, 0.50, 1.00, 1.00, 1.00, 0.87, 0.29, 0.90, 0.49, 0.74, 0.45, 1.00, 0.92, 1.00, 1.00, 0.89, 1.00, 1.00, 1.00, 0.91, 0.64, 1.00, 0.90, 1.00, 1.00, 1.00, 1.00, 1.00, 1.00, 1.00, 1.00, 1.00, 0.89, 0.33, 1.00, 0.33, 0.12, 1.00, 1.00, 1.00, 1.00, 1.00, 1.00, 1.00, 1.00, 1.00, 0.55, 1.00, 1.00, 1.00, 1.00, 0.50, 1.00, 1.00, 1.00, 0.50, 1.00, 1.00, 0.50, 0.75, 1.00, 1.00, 1.00, 1.00, 0.67, 1.00, 0.50, 1.00, 1.00, 0.67, 1.00, 1.00, 1.00, 0.14, 0.67, 1.00, 1.00, 1.00, 0.80, 1.00, 0.67, 0.90, 1.00, 1.00, 1.00, 1.00, 0.67, 0.50, 1.00, 1.00, 0.93, 0.29, 0.84, 0.31, 1.00, 1.00, 1.00, 0.67, 0.86, 1.00, 1.00, 1.00, 1.00, 1.00, 1.00, 1.00, 0.67, 1.00, 1.00, 0.60, 0.73, 0.67, 1.00, 1.00, 1.00, 1.00, 1.00, 1.00, 0.67, 0.89)

# data for F. please note that sections with -1.00 are removed from the results
f <- c(1.00, 1.00, 0.94, 0.50, 0.95, 0.67, 0.90, 0.57, 1.00, 1.00, 0.33, 1.00, 1.00, 0.80, 1.00, 0.80, 1.00, 1.00, 1.00, 1.00, 0.80, 1.00, 0.75, 1.00, 1.00, 0.86, 1.00, 1.00, 1.00, 1.00, 1.00, 1.00, 0.67, 1.00, 1.00, 1.00, 1.00, 1.00, 0.33, 1.00, 0.80, 1.00, 0.57, 1.00, 0.57, 0.82, 0.25, 0.93, 0.86, 0.89, 1.00, 1.00, 0.86, 1.00, 1.00, 1.00, 0.80, 1.00, 1.00, 0.80, 1.00, 0.50, 1.00, 0.57, 1.00, 1.00, 1.00, 0.80, 1.00, 1.00, 1.00, 0.67, 1.00, 1.00, 1.00, 1.00, 0.82, 0.58, 0.91, 0.67, 1.00, 0.91, 1.00, 0.92, 0.67, 0.80, 1.00, 1.00, 0.91, 0.44, 0.86, 0.64, 0.85, 0.62, 1.00, 0.91, 1.00, 1.00, 0.84, 1.00, 1.00, 1.00, 0.91, 0.70, 1.00, 0.88, 1.00, 1.00, 1.00, 1.00, 1.00, 1.00, 1.00, 1.00, 1.00, 0.94, 0.25, 1.00, 0.44, 0.22, 1.00, 1.00, 1.00, 1.00, 1.00, 1.00, 0.80, 1.00, 1.00, 0.71, 1.00, 1.00, 1.00, 1.00, 0.67, 1.00, 1.00, 1.00, 0.67, 1.00, 1.00, 0.67, 0.86, 1.00, 1.00, 1.00, 1.00, 0.73, 1.00, 0.67, 1.00, 1.00, 0.80, 1.00, 1.00, 1.00, 0.25, 0.80, 1.00, 1.00, 1.00, 0.79, 1.00, 0.80, 0.95, 1.00, 1.00, 1.00, 1.00, 0.80, 0.50, 0.50, 1.00, 0.97, 0.43, 0.86, 0.45, 1.00, 1.00, 1.00, 0.80, 0.88, 1.00, 1.00, 1.00, 1.00, 1.00, 1.00, 1.00, 0.80, 1.00, 1.00, 0.72, 0.78, 0.67, 1.00, 1.00, 1.00, 1.00, 1.00, 1.00, 0.80, 0.94)

> summary(recall)
   Min. 1st Qu.  Median    Mean 3rd Qu.    Max. 
 0.2000  1.0000  1.0000  0.9468  1.0000  1.0000 
> summary(precision)
   Min. 1st Qu.  Median    Mean 3rd Qu.    Max. 
 0.1200  0.7750  1.0000  0.8694  1.0000  1.0000 
> summary(f)
   Min. 1st Qu.  Median    Mean 3rd Qu.    Max. 
 0.2200  0.8000  1.0000  0.8883  1.0000  1.0000 
